Nodos: 25
Elementos: 32
Lista de Nodos:
    0        0.00000        0.00000
    1        0.00000        0.01250
    2        0.00000        0.02500
    3        0.00000        0.03750
    4        0.00000        0.05000
    5        0.02500        0.00000
    6        0.02500        0.01250
    7        0.02500        0.02500
    8        0.02500        0.03750
    9        0.02500        0.05000
   10        0.05000        0.00000
   11        0.05000        0.01250
   12        0.05000        0.02500
   13        0.05000        0.03750
   14        0.05000        0.05000
   15        0.07500        0.00000
   16        0.07500        0.01250
   17        0.07500        0.02500
   18        0.07500        0.03750
   19        0.07500        0.05000
   20        0.10000        0.00000
   21        0.10000        0.01250
   22        0.10000        0.02500
   23        0.10000        0.03750
   24        0.10000        0.05000
Lista de Elementos:
    0          2          6          7
    1          1          6          2
    2          5          6          0
    3          6          1          0
    4          8          2          7
    5          8          3          2
    6          8          9          4
    7          3          8          4
    8          6         11          7
    9          7         11         12
   10         11          5         10
   11         11          6          5
   12         13          8          7
   13         13          7         12
   14          9         13         14
   15          8         13          9
   16         16         21         22
   17         16         22         17
   18         16         15         20
   19         21         16         20
   20         11         16         12
   21         16         17         12
   22         15         16         10
   23         16         11         10
   24         23         18         22
   25         22         18         17
   26         19         18         24
   27         18         23         24
   28         18         13         12
   29         17         18         12
   30         18         19         14
   31         13         18         14
